1.049238380801398307e-05 1.129678828125000000e+05 1.129678828125000000e+05 1.506236093750000000e+05 1.506235468750000000e+05 1.406476093750000000e+05 1.132281250000000000e+05 1.129678828125000000e+05 1.208464609375000000e+05 -6.068680286407470703e-01 1.126238828125000000e+05 1.126238828125000000e+05 6.891226768493652344e-01
1.158569102699402720e-05 1.129678828125000000e+05 1.129678750000000000e+05 1.506235625000000000e+05 1.506234843750000000e+05 1.406475468750000000e+05 1.132281171875000000e+05 1.129678828125000000e+05 1.208464531250000000e+05 -6.068680286407470703e-01 1.126238750000000000e+05 1.126238750000000000e+05 7.609292864799499512e-01
1.279292155231814831e-05 1.129678828125000000e+05 1.129678671875000000e+05 1.506234843750000000e+05 1.506233906250000000e+05 1.406474687500000000e+05 1.132281093750000000e+05 1.129678828125000000e+05 1.208464375000000000e+05 -6.068679690361022949e-01 1.126238671875000000e+05 1.126238671875000000e+05 8.402181863784790039e-01
1.412594519933918491e-05 1.129678671875000000e+05 1.129678593750000000e+05 1.506233906250000000e+05 1.506232812500000000e+05 1.406473906250000000e+05 1.132281015625000000e+05 1.129678671875000000e+05 1.208464296875000000e+05 -6.068679094314575195e-01 1.126238593750000000e+05 1.126238593750000000e+05 9.277688264846801758e-01
1.559787051519379020e-05 1.129678671875000000e+05 1.129678593750000000e+05 1.506232968750000000e+05 1.506231562500000000e+05 1.406472656250000000e+05 1.132280937500000000e+05 1.129678671875000000e+05 1.208464140625000000e+05 -6.068678498268127441e-01 1.126238593750000000e+05 1.126238515625000000e+05 1.024442434310913086e+00
1.722317028907127678e-05 1.129678593750000000e+05 1.129678437500000000e+05 1.506231718750000000e+05 1.506229843750000000e+05 1.406471406250000000e+05 1.132280859375000000e+05 1.129678593750000000e+05 1.208464062500000000e+05 -6.068677902221679688e-01 1.126238437500000000e+05 1.126238437500000000e+05 1.131189346313476562e+00
1.901782525237649679e-05 1.129678437500000000e+05 1.129678281250000000e+05 1.506230000000000000e+05 1.506227968750000000e+05 1.406469687500000000e+05 1.132280703125000000e+05 1.129678437500000000e+05 1.208463828125000000e+05 -6.068676710128784180e-01 1.126238359375000000e+05 1.126238203125000000e+05 1.249059200286865234e+00
2.099948505929205567e-05 1.129678359375000000e+05 1.129678046875000000e+05 1.506228125000000000e+05 1.506225781250000000e+05 1.406467656250000000e+05 1.132280625000000000e+05 1.129678359375000000e+05 1.208463515625000000e+05 -6.068674921989440918e-01 1.126238203125000000e+05 1.126238125000000000e+05 1.379211187362670898e+00
2.318763290531933308e-05 1.129678203125000000e+05 1.129677890625000000e+05 1.506225937500000000e+05 1.506222968750000000e+05 1.406465156250000000e+05 1.132280390625000000e+05 1.129678125000000000e+05 1.208463203125000000e+05 -6.068673133850097656e-01 1.126238125000000000e+05 1.126237968750000000e+05 1.522924780845642090e+00
2.560378743510227650e-05 1.129677968750000000e+05 1.129677578125000000e+05 1.506223125000000000e+05 1.506219375000000000e+05 1.406462187500000000e+05 1.132280156250000000e+05 1.129677968750000000e+05 1.208462812500000000e+05 -6.068671345710754395e-01 1.126237890625000000e+05 1.126237734375000000e+05 1.681613326072692871e+00
2.827170465025119483e-05 1.129677734375000000e+05 1.129677343750000000e+05 1.506219531250000000e+05 1.506215156250000000e+05 1.406458437500000000e+05 1.132279921875000000e+05 1.129677734375000000e+05 1.208462421875000000e+05 -6.068669557571411133e-01 1.126237656250000000e+05 1.126237421875000000e+05 1.856837272644042969e+00
3.121761983493342996e-05 1.129677578125000000e+05 1.129676875000000000e+05 1.506215312500000000e+05 1.506210000000000000e+05 1.406454062500000000e+05 1.132279531250000000e+05 1.129677421875000000e+05 1.208461796875000000e+05 -6.068665981292724609e-01 1.126237343750000000e+05 1.126237109375000000e+05 2.050319433212280273e+00
3.447049675742164254e-05 1.129677187500000000e+05 1.129676484375000000e+05 1.506210312500000000e+05 1.506203593750000000e+05 1.406448593750000000e+05 1.132279218750000000e+05 1.129677109375000000e+05 1.208461093750000000e+05 -6.068663001060485840e-01 1.126237031250000000e+05 1.126236718750000000e+05 2.263962030410766602e+00
3.806232780334539711e-05 1.129676796875000000e+05 1.129675937500000000e+05 1.506203906250000000e+05 1.506195937500000000e+05 1.406441875000000000e+05 1.132278671875000000e+05 1.129676562500000000e+05 1.208460312500000000e+05 -6.068658232688903809e-01 1.126236640625000000e+05 1.126236328125000000e+05 2.499866008758544922e+00
4.202842319500632584e-05 1.129676250000000000e+05 1.129675156250000000e+05 1.506196250000000000e+05 1.506186562500000000e+05 1.406433750000000000e+05 1.132278046875000000e+05 1.129676093750000000e+05 1.208459296875000000e+05 -6.068653464317321777e-01 1.126236015625000000e+05 1.126235703125000000e+05 2.760350942611694336e+00
4.640778934117406607e-05 1.129675625000000000e+05 1.129674296875000000e+05 1.506187031250000000e+05 1.506175156250000000e+05 1.406423906250000000e+05 1.132277343750000000e+05 1.129675468750000000e+05 1.208458046875000000e+05 -6.068646907806396484e-01 1.126235468750000000e+05 1.126234921875000000e+05 3.047977924346923828e+00
5.124348535900935531e-05 1.129674921875000000e+05 1.129673359375000000e+05 1.506175625000000000e+05 1.506161093750000000e+05 1.406411875000000000e+05 1.132276484375000000e+05 1.129674687500000000e+05 1.208456562500000000e+05 -6.068639159202575684e-01 1.126234609375000000e+05 1.126233984375000000e+05 3.365574836730957031e+00
5.658306326949968934e-05 1.129673984375000000e+05 1.129672109375000000e+05 1.506161875000000000e+05 1.506144218750000000e+05 1.406397031250000000e+05 1.132275390625000000e+05 1.129673671875000000e+05 1.208454687500000000e+05 -6.068629622459411621e-01 1.126233671875000000e+05 1.126232968750000000e+05 3.716264724731445312e+00
6.247902638278901577e-05 1.129672890625000000e+05 1.129670468750000000e+05 1.506144843750000000e+05 1.506123437500000000e+05 1.406379062500000000e+05 1.132273984375000000e+05 1.129672578125000000e+05 1.208452500000000000e+05 -6.068618297576904297e-01 1.126232578125000000e+05 1.126231640625000000e+05 4.103495121002197266e+00
6.898934225318953395e-05 1.129671562500000000e+05 1.129668593750000000e+05 1.506124375000000000e+05 1.506098125000000000e+05 1.406357187500000000e+05 1.132272421875000000e+05 1.129671093750000000e+05 1.208449609375000000e+05 -6.068603992462158203e-01 1.126231171875000000e+05 1.126230000000000000e+05 4.531073093414306641e+00
7.617803930770605803e-05 1.129669921875000000e+05 1.129666250000000000e+05 1.506099375000000000e+05 1.506067343750000000e+05 1.406330625000000000e+05 1.132270390625000000e+05 1.129669375000000000e+05 1.208446328125000000e+05 -6.068587303161621094e-01 1.126229453125000000e+05 1.126228046875000000e+05 5.003203392028808594e+00
8.411580347456037998e-05 1.129667890625000000e+05 1.129663515625000000e+05 1.506068750000000000e+05 1.506029687500000000e+05 1.406297968750000000e+05 1.132268046875000000e+05 1.129667265625000000e+05 1.208442343750000000e+05 -6.068566441535949707e-01 1.126227421875000000e+05 1.126225625000000000e+05 5.524526119232177734e+00
9.288067667512223125e-05 1.129665468750000000e+05 1.129660078125000000e+05 1.506031406250000000e+05 1.505983906250000000e+05 1.406258437500000000e+05 1.132265078125000000e+05 1.129664687500000000e+05 1.208437343750000000e+05 -6.068540811538696289e-01 1.126224765625000000e+05 1.126222656250000000e+05 6.100167274475097656e+00
1.025588499032892287e-04 1.129662421875000000e+05 1.129655937500000000e+05 1.505986093750000000e+05 1.505927968750000000e+05 1.406210000000000000e+05 1.132261484375000000e+05 1.129661484375000000e+05 1.208431328125000000e+05 -6.068509221076965332e-01 1.126221718750000000e+05 1.126219140625000000e+05 6.735784053802490234e+00
1.132454926846548915e-04 1.129658828125000000e+05 1.129650859375000000e+05 1.505930625000000000e+05 1.505860000000000000e+05 1.406151093750000000e+05 1.132257109375000000e+05 1.129657578125000000e+05 1.208423906250000000e+05 -6.068471670150756836e-01 1.126217890625000000e+05 1.126214765625000000e+05 7.437625885009765625e+00
1.250456843990832567e-04 1.129654375000000000e+05 1.129644765625000000e+05 1.505863125000000000e+05 1.505776875000000000e+05 1.406079062500000000e+05 1.132251796875000000e+05 1.129652890625000000e+05 1.208414921875000000e+05 -6.068425178527832031e-01 1.126213281250000000e+05 1.126209531250000000e+05 8.212589263916015625e+00
1.380754547426477075e-04 1.129648984375000000e+05 1.129637187500000000e+05 1.505780781250000000e+05 1.505675625000000000e+05 1.405991562500000000e+05 1.132245234375000000e+05 1.129647187500000000e+05 1.208403906250000000e+05 -6.068368554115295410e-01 1.126207656250000000e+05 1.126203046875000000e+05 9.068292617797851562e+00
1.524629333289340138e-04 1.129642421875000000e+05 1.129628046875000000e+05 1.505680312500000000e+05 1.505552187500000000e+05 1.405884687500000000e+05 1.132237343750000000e+05 1.129640156250000000e+05 1.208390468750000000e+05 -6.068300008773803711e-01 1.126200781250000000e+05 1.126195156250000000e+05 1.001314163208007812e+01
1.683495793258771300e-04 1.129634375000000000e+05 1.129616875000000000e+05 1.505557968750000000e+05 1.505401718750000000e+05 1.405754375000000000e+05 1.132227578125000000e+05 1.129631640625000000e+05 1.208374218750000000e+05 -6.068216562271118164e-01 1.126192343750000000e+05 1.126185546875000000e+05 1.105642032623291016e+01
1.858916220953688025e-04 1.129624609375000000e+05 1.129603281250000000e+05 1.505408906250000000e+05 1.505218125000000000e+05 1.405595625000000000e+05 1.132215859375000000e+05 1.129621250000000000e+05 1.208354375000000000e+05 -6.068114638328552246e-01 1.126182187500000000e+05 1.126173828125000000e+05 1.220837783813476562e+01
2.052615600405260921e-04 1.129612656250000000e+05 1.129586562500000000e+05 1.505226875000000000e+05 1.504994531250000000e+05 1.405402031250000000e+05 1.132201484375000000e+05 1.129608593750000000e+05 1.208330078125000000e+05 -6.067989468574523926e-01 1.126169687500000000e+05 1.126159531250000000e+05 1.348032569885253906e+01
2.266498340759426355e-04 1.129598125000000000e+05 1.129566406250000000e+05 1.505005000000000000e+05 1.504721875000000000e+05 1.405165937500000000e+05 1.132183984375000000e+05 1.129593125000000000e+05 1.208300468750000000e+05 -6.067837476730346680e-01 1.126154531250000000e+05 1.126142109375000000e+05 1.488475513458251953e+01
2.502667775843292475e-04 1.129580312500000000e+05 1.129541640625000000e+05 1.504734687500000000e+05 1.504389531250000000e+05 1.404878281250000000e+05 1.132162578125000000e+05 1.129574296875000000e+05 1.208264531250000000e+05 -6.067652702331542969e-01 1.126136015625000000e+05 1.126120937500000000e+05 1.643544769287109375e+01
2.763445954769849777e-04 1.129558671875000000e+05 1.129511406250000000e+05 1.504405000000000000e+05 1.503984218750000000e+05 1.404527500000000000e+05 1.132136562500000000e+05 1.129551250000000000e+05 1.208220546875000000e+05 -6.067426800727844238e-01 1.126113359375000000e+05 1.126095000000000000e+05 1.814761924743652344e+01
3.051397216040641069e-04 1.129532265625000000e+05 1.129474687500000000e+05 1.504003281250000000e+05 1.503490312500000000e+05 1.404100000000000000e+05 1.132104765625000000e+05 1.129523281250000000e+05 1.208167031250000000e+05 -6.067152023315429688e-01 1.126085859375000000e+05 1.126063515625000000e+05 2.003806114196777344e+01
3.369353071320801973e-04 1.129500078125000000e+05 1.129430000000000000e+05 1.503513437500000000e+05 1.502888281250000000e+05 1.403578906250000000e+05 1.132066093750000000e+05 1.129489140625000000e+05 1.208101718750000000e+05 -6.066815853118896484e-01 1.126052343750000000e+05 1.126025000000000000e+05 2.212529754638671875e+01
3.720439854077994823e-04 1.129460937500000000e+05 1.129375390625000000e+05 1.502916562500000000e+05 1.502154531250000000e+05 1.402943750000000000e+05 1.132018828125000000e+05 1.129447578125000000e+05 1.208022109375000000e+05 -6.066407561302185059e-01 1.126011484375000000e+05 1.125978125000000000e+05 2.442977142333984375e+01
4.108110151719301939e-04 1.129413125000000000e+05 1.129308828125000000e+05 1.502188906250000000e+05 1.501260312500000000e+05 1.402169687500000000e+05 1.131961328125000000e+05 1.129396796875000000e+05 1.207925234375000000e+05 -6.065908670425415039e-01 1.125961562500000000e+05 1.125920937500000000e+05 2.697403144836425781e+01
4.536175692919641733e-04 1.129354765625000000e+05 1.129227656250000000e+05 1.501302187500000000e+05 1.500170781250000000e+05 1.401226562500000000e+05 1.131891171875000000e+05 1.129334921875000000e+05 1.207806875000000000e+05 -6.065301895141601562e-01 1.125900703125000000e+05 1.125851250000000000e+05 2.978294372558593750e+01
5.008845473639667034e-04 1.129283750000000000e+05 1.129128671875000000e+05 1.500221562500000000e+05 1.498843281250000000e+05 1.400077187500000000e+05 1.131805703125000000e+05 1.129259531250000000e+05 1.207662812500000000e+05 -6.064561009407043457e-01 1.125826640625000000e+05 1.125766250000000000e+05 3.288393020629882812e+01
5.530767957679927349e-04 1.129197109375000000e+05 1.129008046875000000e+05 1.498905000000000000e+05 1.497226093750000000e+05 1.398677031250000000e+05 1.131701406250000000e+05 1.129167656250000000e+05 1.207487265625000000e+05 -6.063658595085144043e-01 1.125736250000000000e+05 1.125662656250000000e+05 3.630720520019531250e+01
6.107074441388249397e-04 1.129091484375000000e+05 1.128861093750000000e+05 1.497301093750000000e+05 1.495256406250000000e+05 1.396971718750000000e+05 1.131574375000000000e+05 1.129055546875000000e+05 1.207273203125000000e+05 -6.062558889389038086e-01 1.125626093750000000e+05 1.125536406250000000e+05 4.008606719970703125e+01
6.743432022631168365e-04 1.128962812500000000e+05 1.128681875000000000e+05 1.495347343750000000e+05 1.492857968750000000e+05 1.394895156250000000e+05 1.131419531250000000e+05 1.128918906250000000e+05 1.207012500000000000e+05 -6.061218976974487305e-01 1.125491796875000000e+05 1.125382500000000000e+05 4.425718688964843750e+01
7.446098607033491135e-04 1.128805937500000000e+05 1.128463437500000000e+05 1.492968281250000000e+05 1.489938281250000000e+05 1.392367031250000000e+05 1.131230937500000000e+05 1.128752500000000000e+05 1.206694843750000000e+05 -6.059585809707641602e-01 1.125328125000000000e+05 1.125194765625000000e+05 4.886091232299804688e+01
8.221982861869037151e-04 1.128614843750000000e+05 1.128197343750000000e+05 1.490071875000000000e+05 1.486385468750000000e+05 1.389290156250000000e+05 1.131001015625000000e+05 1.128549687500000000e+05 1.206308046875000000e+05 -6.057596802711486816e-01 1.125128750000000000e+05 1.124966171875000000e+05 5.394161987304687500e+01
9.078714065253734589e-04 1.128381875000000000e+05 1.127872812500000000e+05 1.486546875000000000e+05 1.482064062500000000e+05 1.385547031250000000e+05 1.130721015625000000e+05 1.128302421875000000e+05 1.205836953125000000e+05 -6.055174469947814941e-01 1.124885546875000000e+05 1.124687500000000000e+05 5.954807281494140625e+01
1.002471661195158958e-03 1.128098125000000000e+05 1.127477578125000000e+05 1.482258437500000000e+05 1.476810000000000000e+05 1.380995625000000000e+05 1.130379843750000000e+05 1.128001328125000000e+05 1.205263515625000000e+05 -6.052225232124328613e-01 1.124589296875000000e+05 1.124347890625000000e+05 6.573378753662109375e+01
1.106929383240640163e-03 1.127752343750000000e+05 1.126996015625000000e+05 1.477043750000000000e+05 1.470426718750000000e+05 1.375464843750000000e+05 1.129964453125000000e+05 1.127634375000000000e+05 1.204565625000000000e+05 -6.048635244369506836e-01 1.124228359375000000e+05 1.123934140625000000e+05 7.255742645263671875e+01
1.222271472215652466e-03 1.127331328125000000e+05 1.126409218750000000e+05 1.470706875000000000e+05 1.462677031250000000e+05 1.368748593750000000e+05 1.129458593750000000e+05 1.127187421875000000e+05 1.203716796875000000e+05 -6.044266223907470703e-01 1.123788671875000000e+05 1.123429921875000000e+05 8.008317565917968750e+01
1.349632279016077518e-03 1.126818750000000000e+05 1.125694687500000000e+05 1.463011562500000000e+05 1.453277500000000000e+05 1.360600937500000000e+05 1.128842968750000000e+05 1.126643281250000000e+05 1.202684765625000000e+05 -6.038953065872192383e-01 1.123253281250000000e+05 1.122816171875000000e+05 8.838113403320312500e+01
1.490264083258807659e-03 1.126194609375000000e+05 1.124824609375000000e+05 1.453675156250000000e+05 1.441890156250000000e+05 1.350726093750000000e+05 1.128093828125000000e+05 1.125980859375000000e+05 1.201430703125000000e+05 -6.032493710517883301e-01 1.122601093750000000e+05 1.122068515625000000e+05 9.752766418457031250e+01
1.645549782551825047e-03 1.125435156250000000e+05 1.123765546875000000e+05 1.442359687500000000e+05 1.428113906250000000e+05 1.338774687500000000e+05 1.127182812500000000e+05 1.125174687500000000e+05 1.199908125000000000e+05 -6.024646759033203125e-01 1.121807109375000000e+05 1.121158359375000000e+05 1.076056442260742188e+02
1.817016280256211758e-03 1.124511484375000000e+05 1.122476875000000000e+05 1.428663906250000000e+05 1.411476562500000000e+05 1.324333593750000000e+05 1.126075625000000000e+05 1.124193984375000000e+05 1.198061171875000000e+05 -6.015121340751647949e-01 1.120840781250000000e+05 1.120050468750000000e+05 1.187047500610351562e+02
2.006349386647343636e-03 1.123388437500000000e+05 1.120909296875000000e+05 1.412113750000000000e+05 1.391425781250000000e+05 1.306918750000000000e+05 1.124730703125000000e+05 1.123001640625000000e+05 1.195823437500000000e+05 -6.003569960594177246e-01 1.119665390625000000e+05 1.118702812500000000e+05 1.309214935302734375e+02
2.215411281213164330e-03 1.122024140625000000e+05 1.119003593750000000e+05 1.392153906250000000e+05 1.367323750000000000e+05 1.285968593750000000e+05 1.123098515625000000e+05 1.121552734375000000e+05 1.193115546875000000e+05 -5.989577770233154297e-01 1.118236015625000000e+05 1.117064062500000000e+05 1.443591308593750000e+02
2.446257276460528374e-03 1.120367734375000000e+05 1.116688359375000000e+05 1.368140312500000000e+05 1.338442656250000000e+05 1.260840859375000000e+05 1.121119609375000000e+05 1.119793515625000000e+05 1.189844453125000000e+05 -5.972654223442077637e-01 1.116499140625000000e+05 1.115072734375000000e+05 1.591271820068359375e+02
2.701157703995704651e-03 1.118358671875000000e+05 1.113877656250000000e+05 1.339334843750000000e+05 1.303968750000000000e+05 1.230811484375000000e+05 1.118723281250000000e+05 1.117659375000000000e+05 1.185900703125000000e+05 -5.952218174934387207e-01 1.114390000000000000e+05 1.112654453125000000e+05 1.753408050537109375e+02
2.982618520036339760e-03 1.115924687500000000e+05 1.110468828125000000e+05 1.304906562500000000e+05 1.263013359375000000e+05 1.195084687500000000e+05 1.115825546875000000e+05 1.115073281250000000e+05 1.181157421875000000e+05 -5.927595496177673340e-01 1.111831093750000000e+05 1.109720390625000000e+05 1.931193847656250000e+02
3.293407615274190903e-03 1.112979765625000000e+05 1.106338906250000000e+05 1.263940937500000000e+05 1.214640156250000000e+05 1.152811562500000000e+05 1.112327812500000000e+05 1.111943515625000000e+05 1.175469453125000000e+05 -5.898002386093139648e-01 1.108729921875000000e+05 1.106164375000000000e+05 2.125845336914062500e+02
3.636581124737858772e-03 1.109422968750000000e+05 1.101342656250000000e+05 1.215463125000000000e+05 1.157913437500000000e+05 1.103128359375000000e+05 1.108114609375000000e+05 1.108162031250000000e+05 1.168672890625000000e+05 -5.862545371055603027e-01 1.104976484375000000e+05 1.101860156250000000e+05 2.338573303222656250e+02
4.015513230115175247e-03 1.105135234375000000e+05 1.095308046875000000e+05 1.158480781250000000e+05 1.091975468750000000e+05 1.045218046875000000e+05 1.103052812500000000e+05 1.103601718750000000e+05 1.160586015625000000e+05 -5.820221900939941406e-01 1.100441093750000000e+05 1.096658750000000000e+05 2.570541687011718750e+02
4.433929920196533203e-03 1.099979218750000000e+05 1.088033828125000000e+05 1.092057578125000000e+05 1.016162578125000000e+05 9.784052343750000000e+04 1.096989609375000000e+05 1.098115156250000000e+05 1.151013437500000000e+05 -5.769929885864257812e-01 1.094971328125000000e+05 1.090385000000000000e+05 2.822813110351562500e+02
4.895946010947227478e-03 1.093796796875000000e+05 1.079286250000000000e+05 1.015423203125000000e+05 9.301683593750000000e+04 9.022910156250000000e+04 1.089753203125000000e+05 1.091532421875000000e+05 1.139751562500000000e+05 -5.710492730140686035e-01 1.088390625000000000e+05 1.082835781250000000e+05 3.096278381347656250e+02
5.406104028224945068e-03 1.086409531250000000e+05 1.068797265625000000e+05 9.281331250000000000e+04 8.342575781250000000e+04 8.169322656250000000e+04 1.081153437500000000e+05 1.083661093750000000e+05 1.126599218750000000e+05 -5.640704631805419922e-01 1.080496328125000000e+05 1.073777656250000000e+05 3.391563110351562500e+02
5.969420541077852249e-03 1.077619062500000000e+05 1.056262890625000000e+05 8.302839843750000000e+04 7.295243750000000000e+04 7.230646093750000000e+04 1.070984375000000000e+05 1.074286406250000000e+05 1.111371250000000000e+05 -5.559397339820861816e-01 1.071059453125000000e+05 1.062946640625000000e+05 3.708915100097656250e+02
6.591435056179761887e-03 1.067211406250000000e+05 1.041346015625000000e+05 7.227824218750000000e+04 6.181683203125000000e+04 6.231258593750000000e+04 1.059037890625000000e+05 1.063175078125000000e+05 1.093926015625000000e+05 -5.465650558471679688e-01 1.059854375000000000e+05 1.050077109375000000e+05 4.048067321777343750e+02
7.278263103216886520e-03 1.054958437500000000e+05 1.023676640625000000e+05 6.076485937500000000e+04 5.037267187500000000e+04 5.187594531250000000e+04 1.045081640625000000e+05 1.050076875000000000e+05 1.074157500000000000e+05 -5.358510017395019531e-01 1.046560859375000000e+05 1.034804531250000000e+05 4.408080139160156250e+02
8.036659099161624908e-03 1.040631406250000000e+05 1.002864296875000000e+05 4.883076562500000000e+04 3.911624218750000000e+04 4.144954296875000000e+04 1.028906484375000000e+05 1.034737812500000000e+05 1.052054375000000000e+05 -5.237680077552795410e-01 1.030914531250000000e+05 1.016816875000000000e+05 4.787166442871093750e+02
8.874079212546348572e-03 1.024010234375000000e+05 9.785086718750000000e+04 3.697677343750000000e+04 2.866461914062500000e+04 3.157878710937500000e+04 1.010318046875000000e+05 1.016909687500000000e+05 1.027694062500000000e+05 -5.103385448455810547e-01 1.012642656250000000e+05 9.957903906250000000e+04 5.182510986328125000e+02
9.798759594559669495e-03 1.004899140625000000e+05 9.502171875000000000e+04 2.585346093750000000e+04 1.968560742187500000e+04 2.285495898437500000e+04 9.891473437500000000e+04 9.963659375000000000e+04 1.001239453125000000e+05 -4.956453144550323486e-01 9.914903906250000000e+04 9.714188281250000000e+04 5.590089111328125000e+02
1.081979088485240936e-02 9.831432812500000000e+04 9.176282812500000000e+04 1.620593847656250000e+04 1.276639843750000000e+04 1.583362011718750000e+04 9.652612500000000000e+04 9.729196875000000000e+04 9.729091406250000000e+04 -4.798351526260375977e-01 9.672560937500000000e+04 9.434499218750000000e+04 6.004501953125000000e+02
1.194721460342407227e-02 9.586446875000000000e+04 8.804371093750000000e+04 8.752276367187500000e+03 8.228860351562500000e+03 1.088192675781250000e+04 9.385653125000000000e+04 9.464403125000000000e+04 9.429085937500000000e+04 -4.631006419658660889e-01 9.398215625000000000e+04 9.117210937500000000e+04 6.418809814453125000e+02
1.319211535155773163e-02 9.313725000000000000e+04 8.384231250000000000e+04 3.990548583984375000e+03 5.942022460937500000e+03 8.003403320312500000e+03 9.090000000000000000e+04 9.168676562500000000e+04 9.113297656250000000e+04 -4.456385672092437744e-01 9.091799218750000000e+04 8.761909375000000000e+04 6.824356689453125000e+02
1.456673443317413330e-02 9.013635156250000000e+04 7.914761718750000000e+04 1.966811523437500000e+03 5.238961425781250000e+03 6.729958007812500000e+03 8.765351562500000000e+04 8.842155468750000000e+04 8.780521093750000000e+04 -4.275895357131958008e-01 8.754505468750000000e+04 8.369631250000000000e+04 7.210505371093750000e+02
1.608459092676639557e-02 8.687107031250000000e+04 7.396221875000000000e+04 2.098845703125000000e+03 5.076166992187500000e+03 6.204774414062500000e+03 8.411717968750000000e+04 8.485663281250000000e+04 8.427084375000000000e+04 -4.089784026145935059e-01 8.388735156250000000e+04 7.942907812500000000e+04 7.564212036132812500e+02
1.776060648262500763e-02 8.335410937500000000e+04 6.830524218750000000e+04 3.212861816406250000e+03 4.498671875000000000e+03 5.531386230468750000e+03 8.029613281250000000e+04 8.100571875000000000e+04 8.047915625000000000e+04 -3.896888196468353271e-01 7.997689062500000000e+04 7.485549218750000000e+04 7.869345092773437500e+02
1.961126364767551422e-02 7.959958593750000000e+04 6.221715234375000000e+04 3.940199218750000000e+03 3.225538818359375000e+03 4.290610351562500000e+03 7.620451562500000000e+04 7.688703906250000000e+04 7.639239843750000000e+04 -3.695119619369506836e-01 7.584730468750000000e+04 7.002230468750000000e+04 8.105839843750000000e+02
2.165475860238075256e-02 7.562267968750000000e+04 5.576785156250000000e+04 3.432334228515625000e+03 1.850740844726562500e+03 2.836217773437500000e+03 7.186912500000000000e+04 7.252430468750000000e+04 7.201749218750000000e+04 -3.482764065265655518e-01 7.152803906250000000e+04 6.498244140625000000e+04 8.249036865234375000e+02
2.391118556261062622e-02 7.144235937500000000e+04 4.906896484375000000e+04 1.966093383789062500e+03 1.199670532226562500e+03 1.908137939453125000e+03 6.733006250000000000e+04 6.795096875000000000e+04 6.741727343750000000e+04 -3.260017633438110352e-01 6.704439062500000000e+04 5.979842187500000000e+04 8.269958496093750000e+02
2.640273422002792358e-02 6.708646875000000000e+04 4.228816796875000000e+04 7.291070556640625000e+02 1.139405395507812500e+03 1.703887207031250000e+03 6.263835156250000000e+04 6.321667187500000000e+04 6.268177343750000000e+04 -3.029653429985046387e-01 6.242242578125000000e+04 5.454967187500000000e+04 8.137390747070312500e+02
2.915390208363533020e-02 6.259682031250000000e+04 3.566032812500000000e+04 5.654797973632812500e+02 8.630717773437500000e+02 1.557635864257812500e+03 5.785900390625000000e+04 5.839335156250000000e+04 5.789235546875000000e+04 -2.795920968055725098e-01 5.772255078125000000e+04 4.936624609375000000e+04 7.822136840820312500e+02
3.219174221158027649e-02 5.803219140625000000e+04 2.948823242187500000e+04 9.050911865234375000e+02 6.481142578125000000e+02 1.026669311523437500e+03 5.308381250000000000e+04 5.357787890625000000e+04 5.312549218750000000e+04 -2.563892602920532227e-01 5.301910937500000000e+04 4.440467578125000000e+04 7.302810668945312500e+02
3.554612398147583008e-02 5.346779296875000000e+04 2.412471679687500000e+04 6.775083618164062500e+02 4.847778320312500000e+02 6.640533447265625000e+02 4.843538671875000000e+04 4.888877734375000000e+04 4.846658203125000000e+04 -2.338582128286361694e-01 4.841690234375000000e+04 3.985629296875000000e+04 6.572338256835937500e+02
3.925003483891487122e-02 4.899215234375000000e+04 1.992918164062500000e+04 1.960563659667968750e+02 3.623338317871093750e+02 6.549807128906250000e+02 4.404503906250000000e+04 4.445685156250000000e+04 4.405760937500000000e+04 -2.125555127859115601e-01 4.403250781250000000e+04 3.591276171875000000e+04 5.645598144531250000e+02
4.333988949656486511e-02 4.470046875000000000e+04 1.719099414062500000e+04 2.899982604980468750e+02 2.710094299316406250e+02 4.288651733398437500e+02 4.003172265625000000e+04 4.040758984375000000e+04 4.004608984375000000e+04 -1.931085437536239624e-01 3.997687890625000000e+04 3.272141210937500000e+04 4.568623046875000000e+02
4.767388105392456055e-02 4.082301562500000000e+04 1.602838281250000000e+04 2.075127410888671875e+02 2.063598327636718750e+02 3.129595947265625000e+02 3.660930468750000000e+04 3.695378906250000000e+04 3.661978515625000000e+04 -1.765508353710174561e-01 3.645779687500000000e+04 3.039745507812500000e+04 3.469160156250000000e+02
5.200786888599395752e-02 3.756874218750000000e+04 1.611281933593750000e+04 1.628990783691406250e+02 1.619789581298828125e+02 2.994986877441406250e+02 3.390161328125000000e+04 3.422052734375000000e+04 3.390983593750000000e+04 -1.634518802165985107e-01 3.364539453125000000e+04 2.888397460937500000e+04 2.498474731445312500e+02
5.634185671806335449e-02 3.480380078125000000e+04 1.680911523437500000e+04 1.310641784667968750e+02 1.303101348876953125e+02 1.832577972412109375e+02 3.169662500000000000e+04 3.199571679687500000e+04 3.170324218750000000e+04 -1.527940779924392700e-01 3.133044140625000000e+04 2.779031640625000000e+04 1.714726257324218750e+02
6.067584827542304993e-02 3.242594921875000000e+04 1.757664257812500000e+04 1.073481750488281250e+02 1.067207183837890625e+02 1.905887298583984375e+02 2.982742187500000000e+04 3.010870117187500000e+04 2.983284179687500000e+04 -1.437606513500213623e-01 2.936706835937500000e+04 2.682692578125000000e+04 1.142483596801757812e+02
6.500983983278274536e-02 3.035384765625000000e+04 1.801713281250000000e+04 8.889824676513671875e+01 8.837271881103515625e+01 1.431677856445312500e+02 2.816276171875000000e+04 2.842869140625000000e+04 2.816725000000000000e+04 -1.357234120368957520e-01 2.764801757812500000e+04 2.579790429687500000e+04 7.766524505615234375e+01
6.934382766485214233e-02 2.850652343750000000e+04 1.788347460937500000e+04 7.404212188720703125e+01 7.360216522216796875e+01 1.127354049682617188e+02 2.659742382812500000e+04 2.684878515625000000e+04 2.660116210937500000e+04 -1.281690299510955811e-01 2.607444140625000000e+04 2.457652539062500000e+04 5.895049667358398438e+01
7.367781549692153931e-02 2.680984960937500000e+04 1.708869140625000000e+04 6.179733657836914062e+01 6.143091583251953125e+01 1.125480194091796875e+02 2.505611718750000000e+04 2.529285351562500000e+04 2.505923632812500000e+04 -1.207338497042655945e-01 2.456352539062500000e+04 2.310894140625000000e+04 5.387771987915039062e+01
7.801180332899093628e-02 2.522261523437500000e+04 1.570952734375000000e+04 5.159749221801757812e+01 5.129435348510742188e+01 7.458026885986328125e+01 2.351561523437500000e+04 2.373809179687500000e+04 2.351822070312500000e+04 -1.133065223693847656e-01 2.308171093750000000e+04 2.143507812500000000e+04 5.760283660888671875e+01
8.234579116106033325e-02 2.373150976562500000e+04 1.394112988281250000e+04 4.310679626464843750e+01 4.285722732543945312e+01 7.499844360351562500e+01 2.199566601562500000e+04 2.220371093750000000e+04 2.199784179687500000e+04 -1.059785336256027222e-01 2.163737304687500000e+04 1.966303125000000000e+04 6.543177032470703125e+01
8.667978644371032715e-02 2.233799414062500000e+04 1.203458007812500000e+04 3.608959960937500000e+01 3.588425445556640625e+01 5.390107345581054688e+01 2.053574609375000000e+04 2.073013671875000000e+04 2.053756835937500000e+04 -9.894189983606338501e-02 2.025933789062500000e+04 1.792709570312500000e+04 7.342829895019531250e+01
9.101377427577972412e-02 2.104482812500000000e+04 1.023459375000000000e+04 3.036391639709472656e+01 3.019408988952636719e+01 3.548700714111328125e+01 1.917621875000000000e+04 1.935788281250000000e+04 1.917775195312500000e+04 -9.238921850919723511e-02 1.897419140625000000e+04 1.634631445312500000e+04 7.879624938964843750e+01
9.639906883239746094e-02 1.958115234375000000e+04 8.436221679687500000e+03 2.478961753845214844e+01 2.465325927734375000e+01 2.123266601562500000e+01 1.767443164062500000e+04 1.784197460937500000e+04 1.767568164062500000e+04 -8.515096455812454224e-02 1.753689648437500000e+04 1.472457128906250000e+04 7.961602020263671875e+01
1.017843559384346008e-01 1.828358789062500000e+04 7.321499023437500000e+03 2.060795402526855469e+01 2.049533653259277344e+01 8.302506446838378906e+00 1.641720703125000000e+04 1.657294335937500000e+04 1.641824804687500000e+04 -7.909172028303146362e-02 1.630589453125000000e+04 1.355828320312500000e+04 7.366850280761718750e+01
1.071696504950523376e-01 1.715674609375000000e+04 6.914818359375000000e+03 1.748836517333984375e+01 1.739219665527343750e+01 2.246447181701660156e+01 1.541241992187500000e+04 1.555848339843750000e+04 1.541330371093750000e+04 -7.424882799386978149e-02 1.529456445312500000e+04 1.283621191406250000e+04 6.260086059570312500e+01
1.125549450516700745e-01 1.618724609375000000e+04 7.060666015625000000e+03 1.512782764434814453e+01 1.504326248168945312e+01 2.947130584716796875e+01 1.462451660156250000e+04 1.476303613281250000e+04 1.462527929687500000e+04 -7.045126706361770630e-02 1.447860449218750000e+04 1.245103710937500000e+04 4.916076278686523438e+01
1.179402396082878113e-01 1.534306738281250000e+04 7.490886718750000000e+03 1.327336692810058594e+01 1.319767761230468750e+01 2.592116737365722656e+01 1.398524121093750000e+04 1.411772656250000000e+04 1.398591113281250000e+04 -6.736979633569717407e-02 1.380153808593750000e+04 1.223690234375000000e+04 3.620420074462890625e+01
1.233255267143249512e-01 1.458676074218750000e+04 7.918339843750000000e+03 1.173287200927734375e+01 1.166482830047607422e+01 1.308376598358154297e+01 1.341891503906250000e+04 1.354614746093750000e+04 1.341950781250000000e+04 -6.464023888111114502e-02 1.320052636718750000e+04 1.202886425781250000e+04 2.592727470397949219e+01
1.287108212709426880e-01 1.388698730468750000e+04 8.117950683593750000e+03 1.038115787506103516e+01 1.032035636901855469e+01 1.705142402648925781e+01 1.286478710937500000e+04 1.298672265625000000e+04 1.286531152343750000e+04 -6.196973472833633423e-02 1.262601953125000000e+04 1.170831933593750000e+04 1.945779228210449219e+01
1.340961158275604248e-01 1.322310449218750000e+04 7.973789062500000000e+03 9.152667999267578125e+00 9.098974227905273438e+00 1.507677459716796875e+01 1.228746875000000000e+04 1.240394433593750000e+04 1.228792968750000000e+04 -5.918810889124870300e-02 1.204903613281250000e+04 1.122289257812500000e+04 1.681306838989257812e+01
1.394814103841781616e-01 1.258519238281250000e+04 7.488430175781250000e+03 8.027259826660156250e+00 7.980453491210937500e+00 1.364416122436523438e+01 1.167912207031250000e+04 1.178983789062500000e+04 1.167952734375000000e+04 -5.625715479254722595e-02 1.146121191406250000e+04 1.058517480468750000e+04 1.714013481140136719e+01
1.448667049407958984e-01 1.197091113281250000e+04 6.759281250000000000e+03 7.010102748870849609e+00 6.969707965850830078e+00 1.087673854827880859e+01 1.105283398437500000e+04 1.115763183593750000e+04 1.105318750000000000e+04 -5.324001610279083252e-02 1.086906933593750000e+04 9.854355468750000000e+03 1.911535263061523438e+01
1.502519845962524414e-01 1.138271875000000000e+04 5.935895019531250000e+03 6.115315914154052734e+00 6.080597877502441406e+00 1.044985771179199219e+01 1.043380957031250000e+04 1.053273632812500000e+04 1.043411816406250000e+04 -5.025793239474296570e-02 1.028739160156250000e+04 9.110870117187500000e+03 2.136915397644042969e+01
1.556372791528701782e-01 1.082801171875000000e+04 5.174675292968750000e+03 5.353042125701904297e+00 5.323084354400634766e+00 8.474077224731445312e+00 9.852375976562500000e+03 9.945802734375000000e+03 9.852646484375000000e+03 -4.745701700448989868e-02 9.737123046875000000e+03 8.435442382812500000e+03 2.282435035705566406e+01
1.610225737094879150e-01 1.031762011718750000e+04 4.599026367187500000e+03 4.722688674926757812e+00 4.696507453918457031e+00 8.441147804260253906e+00 9.336694335937500000e+03 9.425227539062500000e+03 9.336932617187500000e+03 -4.497278854250907898e-02 9.241642578125000000e+03 7.891182617187500000e+03 2.288772392272949219e+01
1.664078682661056519e-01 9.858994140625000000e+03 4.269854980468750000e+03 4.212028503417968750e+00 4.188712120056152344e+00 6.133769512176513672e+00 8.902370117187500000e+03 8.986802734375000000e+03 8.902583007812500000e+03 -4.288049042224884033e-02 8.815709960937500000e+03 7.505626953125000000e+03 2.148486709594726562e+01
1.717931628227233887e-01 9.450603515625000000e+03 4.176198242187500000e+03 3.800624132156372070e+00 3.779452800750732422e+00 7.060673236846923828e+00 8.546481445312500000e+03 8.627528320312500000e+03 8.546672851562500000e+03 -4.116592928767204285e-02 8.457080078125000000e+03 7.263440917968750000e+03 1.896159744262695312e+01
1.771784573793411255e-01 9.084100585937500000e+03 4.250523437500000000e+03 3.463701725006103516e+00 3.444195032119750977e+00 5.667700290679931641e+00 8.251556640625000000e+03 8.329817382812500000e+03 8.251731445312500000e+03 -3.974508494138717651e-02 8.150979980468750000e+03 7.118620117187500000e+03 1.590112495422363281e+01
1.825637519359588623e-01 8.750235351562500000e+03 4.398367675781250000e+03 3.176870822906494141e+00 3.158762931823730469e+00 5.839928627014160156e+00 7.995295410156250000e+03 8.071121582031250000e+03 7.995455566406250000e+03 -3.851046785712242126e-02 7.880568359375000000e+03 7.016093261718750000e+03 1.292246723175048828e+01
1.879490464925765991e-01 8.440295898437500000e+03 4.526085449218750000e+03 2.920264005661010742e+00 2.903447628021240234e+00 4.774196624755859375e+00 7.755914550781250000e+03 7.829479003906250000e+03 7.756062011718750000e+03 -3.735724091529846191e-02 7.630059570312500000e+03 6.905741210937500000e+03 1.051712131500244141e+01
1.933343261480331421e-01 8.145274414062500000e+03 4.561795898437500000e+03 2.681142330169677734e+00 2.665608644485473633e+00 4.846887588500976562e+00 7.514792968750000000e+03 7.586068359375000000e+03 7.514928710937500000e+03 -3.619565442204475403e-02 7.384166992187500000e+03 6.749851562500000000e+03 8.953733444213867188e+00
1.987196207046508789e-01 7.857683105468750000e+03 4.469841796875000000e+03 2.453562259674072266e+00 2.439337015151977539e+00 4.039183616638183594e+00 7.260140625000000000e+03 7.329007324218750000e+03 7.260264160156250000e+03 -3.496896848082542419e-02 7.131667968750000000e+03 6.530494140625000000e+03 8.255948066711425781e+00
2.041049152612686157e-01 7.574655761718750000e+03 4.255666992187500000e+03 2.236790895462036133e+00 2.223878145217895508e+00 4.053126335144042969e+00 6.990417968750000000e+03 7.056724121093750000e+03 6.990530273437500000e+03 -3.366971760988235474e-02 6.870285156250000000e+03 6.253680664062500000e+03 8.244433403015136719e+00
2.094902098178863525e-01 7.297838867187500000e+03 3.957842041015625000e+03 2.033408164978027344e+00 2.021758079528808594e+00 3.445815801620483398e+00 6.712950683593750000e+03 6.776629394531250000e+03 6.713052734375000000e+03 -3.233321011066436768e-02 6.605655761718750000e+03 5.943817382812500000e+03 8.621752738952636719e+00
2.148755043745040894e-01 7.030705566406250000e+03 3.631500732421875000e+03 1.847425103187561035e+00 1.836932420730590820e+00 3.365618705749511719e+00 6.439175292968750000e+03 6.500256835937500000e+03 6.439268066406250000e+03 -3.101448528468608856e-02 6.346168457031250000e+03 5.632066894531250000e+03 9.069452285766601562e+00
2.202607989311218262e-01 6.776785644531250000e+03 3.331321044921875000e+03 1.682171940803527832e+00 1.672691941261291504e+00 2.908377408981323242e+00 6.180487304687500000e+03 6.239117675781250000e+03 6.180571777343750000e+03 -2.976845018565654755e-02 6.099837402343750000e+03 5.346878906250000000e+03 9.329134941101074219e+00
2.256460934877395630e-01 6.539160644531250000e+03 3.098428466796875000e+03 1.538899302482604980e+00 1.530269145965576172e+00 2.891281604766845703e+00 5.945828125000000000e+03 6.002231933593750000e+03 5.945905273437500000e+03 -2.863813936710357666e-02 5.873422363281250000e+03 5.108473144531250000e+03 9.251511573791503906e+00
2.310313880443572998e-01 6.319698242187500000e+03 2.952349853515625000e+03 1.416513681411743164e+00 1.408576607704162598e+00 2.458968877792358398e+00 5.739768066406250000e+03 5.794220703125000000e+03 5.739839843750000000e+03 -2.764558605849742889e-02 5.670957031250000000e+03 4.925160156250000000e+03 8.809628486633300781e+00
2.364166676998138428e-01 6.118290527343750000e+03 2.889232910156250000e+03 1.312177538871765137e+00 1.304802417755126953e+00 2.441426038742065430e+00 5.561631347656250000e+03 5.614392578125000000e+03 5.561697753906250000e+03 -2.678751572966575623e-02 5.492325683593750000e+03 4.792341308593750000e+03 8.080116271972656250e+00
2.418019622564315796e-01 5.933059082031250000e+03 2.886571777343750000e+03 1.222041964530944824e+00 1.215133905410766602e+00 2.189203739166259766e+00 5.406361816406250000e+03 5.457651855468750000e+03 5.406423339843750000e+03 -2.603959105908870697e-02 5.333854980468750000e+03 4.695673339843750000e+03 7.202651977539062500e+00
2.471872568130493164e-01 5.760975097656250000e+03 2.911821533203125000e+03 1.142035961151123047e+00 1.135537385940551758e+00 2.077621459960937500e+00 5.266398925781250000e+03 5.316361816406250000e+03 5.266456542968750000e+03 -2.536539919674396515e-02 5.189891601562500000e+03 4.616342773437500000e+03 6.332161903381347656e+00
2.525725662708282471e-01 5.598268554687500000e+03 2.931680908203125000e+03 1.068628072738647461e+00 1.062512159347534180e+00 1.907877564430236816e+00 5.133442382812500000e+03 5.182145019531250000e+03 5.133496093750000000e+03 -2.472496032714843750e-02 5.053872070312500000e+03 4.535829101562500000e+03 5.597414493560791016e+00
2.579578459262847900e-01 5.441210449218750000e+03 2.920267578125000000e+03 9.993823170661926270e-01 9.936429858207702637e-01 1.829163312911987305e+00 5.000374023437500000e+03 5.047814453125000000e+03 5.000424316406250000e+03 -2.408399619162082672e-02 4.919674316406250000e+03 4.440016601562500000e+03 5.074470043182373047e+00
2.633431255817413330e-01 5.287401367187500000e+03 2.864772216796875000e+03 9.330855607986450195e-01 9.277241826057434082e-01 1.677893400192260742e+00 4.863208007812500000e+03 4.909347656250000000e+03 4.863254882812500000e+03 -2.342330105602741241e-02 4.783666503906250000e+03 4.322603027343750000e+03 4.778002262115478516e+00
2.687284350395202637e-01 5.136362792968750000e+03 2.766781738281250000e+03 8.695487380027770996e-01 8.645629882812500000e-01 1.560885667800903320e+00 4.721788085937500000e+03 4.766586914062500000e+03 4.721831542968750000e+03 -2.274212986230850220e-02 4.645644531250000000e+03 4.185859375000000000e+03 4.669269561767578125e+00
2.741137146949768066e-01 4.988782714843750000e+03 2.639033935546875000e+03 8.092638850212097168e-01 8.046414852142333984e-01 1.506702542304992676e+00 4.578660644531250000e+03 4.622102050781250000e+03 4.578701660156250000e+03 -2.205274067819118500e-02 4.507601074218750000e+03 4.037943359375000000e+03 4.675826549530029297e+00
2.794990241527557373e-01 4.845581054687500000e+03 2.499911621093750000e+03 7.530236244201660156e-01 7.487415075302124023e-01 1.365579366683959961e+00 4.437435058593750000e+03 4.479537109375000000e+03 4.437473144531250000e+03 -2.137251570820808411e-02 4.372036132812500000e+03 3.889076904296875000e+03 4.715607166290283203e+00
2.848843038082122803e-01 4.707776855468750000e+03 2.368178710937500000e+03 7.015477418899536133e-01 6.975744962692260742e-01 1.302382826805114746e+00 4.301864746093750000e+03 4.342680664062500000e+03 4.301899902343750000e+03 -2.071952819824218750e-02 4.241489746093750000e+03 3.748942138671875000e+03 4.718322277069091797e+00
2.902696132659912109e-01 4.576631347656250000e+03 2.258768554687500000e+03 6.552049517631530762e-01 6.515042185783386230e-01 1.208443284034729004e+00 4.175310546875000000e+03 4.214926757812500000e+03 4.175343750000000000e+03 -2.010997384786605835e-02 4.118584472656250000e+03 3.625088378906250000e+03 4.639697074890136719e+00
2.956548929214477539e-01 4.453198242187500000e+03 2.179692871093750000e+03 6.139113903045654297e-01 6.104463338851928711e-01 1.172009348869323730e+00 4.059895019531250000e+03 4.098415527343750000e+03 4.059925781250000000e+03 -1.955405808985233307e-02 4.005273925781250000e+03 3.521352539062500000e+03 4.466810703277587891e+00
3.010401725769042969e-01 4.337611816406250000e+03 2.130749267578125000e+03 5.771744847297668457e-01 5.739125013351440430e-01 1.033779740333557129e+00 3.955695556640625000e+03 3.993228759765625000e+03 3.955724609375000000e+03 -1.905217394232749939e-02 3.901804687500000000e+03 3.436848388671875000e+03 4.214978694915771484e+00
3.064254820346832275e-01 4.228993652343750000e+03 2.104744384765625000e+03 5.442307591438293457e-01 5.411466956138610840e-01 1.065718173980712891e+00 3.860869873046875000e+03 3.897502685546875000e+03 3.860897216796875000e+03 -1.859542913734912872e-02 3.806676025390625000e+03 3.366707763671875000e+03 3.918360471725463867e+00
3.118107616901397705e-01 4.126037597656250000e+03 2.090640136718750000e+03 5.142167806625366211e-01 5.112935900688171387e-01 9.185960292816162109e-01 3.772615478515625000e+03 3.808412109375000000e+03 3.772641601562500000e+03 -1.817034371197223663e-02 3.717630126953125000e+03 3.304273681640625000e+03 3.617774009704589844e+00
3.171960711479187012e-01 4.027531494140625000e+03 2.077041992187500000e+03 4.863485395908355713e-01 4.835759699344635010e-01 9.495866894721984863e-01 3.688161132812500000e+03 3.723155517578125000e+03 3.688185546875000000e+03 -1.776355691254138947e-02 3.632531738281250000e+03 3.243234375000000000e+03 3.349356174468994141e+00
3.225813508033752441e-01 3.932441406250000000e+03 2.054867431640625000e+03 4.600383937358856201e-01 4.574107825756072998e-01 8.171888589859008789e-01 3.605235107421875000e+03 3.639444091796875000e+03 3.605258300781250000e+03 -1.736414059996604919e-02 3.549608154296875000e+03 3.178844238281250000e+03 3.136649370193481445e+00
3.279666602611541748e-01 3.839879882812500000e+03 2.018944458007812500e+03 4.349448680877685547e-01 4.324591457843780518e-01 8.673782944679260254e-01 3.522300048828125000e+03 3.555721191406250000e+03 3.522321777343750000e+03 -1.696467399597167969e-02 3.467501464843750000e+03 3.108499755859375000e+03 2.987267971038818359e+00
3.333519399166107178e-01 3.749261962890625000e+03 1.968614135742187500e+03 4.109463095664978027e-01 4.085994362831115723e-01 7.183625102043151855e-01 3.438760253906250000e+03 3.471390380859375000e+03 3.438781005859375000e+03 -1.656230911612510681e-02 3.385532958984375000e+03 3.032034179687500000e+03 2.893963813781738281e+00
3.387372195720672607e-01 3.660536376953125000e+03 1.907315673828125000e+03 3.880918622016906738e-01 3.858793377876281738e-01 7.813696861267089844e-01 3.355109375000000000e+03 3.386944580078125000e+03 3.355128662109375000e+03 -1.615940034389495850e-02 3.303971435546875000e+03 2.951573974609375000e+03 2.839078426361083984e+00
3.441225290298461914e-01 3.574138916015625000e+03 1.841122314453125000e+03 3.665209412574768066e-01 3.644358515739440918e-01 6.509941220283508301e-01 3.272645996093750000e+03 3.303699951171875000e+03 3.272664306640625000e+03 -1.576222106814384460e-02 3.223844238281250000e+03 2.870687988281250000e+03 2.800667285919189453e+00
3.495078086853027344e-01 3.490650634765625000e+03 1.776699218750000000e+03 3.463858366012573242e-01 3.444192111492156982e-01 7.017403244972229004e-01 3.192890380859375000e+03 3.223187011718750000e+03 3.192907714843750000e+03 -1.537807565182447433e-02 3.146358154296875000e+03 2.793074707031250000e+03 2.758506536483764648e+00
3.548931181430816650e-01 3.410464843750000000e+03 1.719445190429687500e+03 3.277758359909057617e-01 3.259173333644866943e-01 5.721102952957153320e-01 3.117002197265625000e+03 3.146579345703125000e+03 3.117018554687500000e+03 -1.501256506890058517e-02 3.072377197265625000e+03 2.721451904296875000e+03 2.698513507843017578e+00
3.602783977985382080e-01 3.333715087890625000e+03 1.672409179687500000e+03 3.106850683689117432e-01 3.089243769645690918e-01 6.557427048683166504e-01 3.045567871093750000e+03 3.074466796875000000e+03 3.045583496093750000e+03 -1.466850005090236664e-02 3.002294433593750000e+03 2.657092529296875000e+03 2.614825963973999023e+00
3.656637072563171387e-01 3.260390380859375000e+03 1.636065795898437500e+03 2.950107455253601074e-01 2.933382987976074219e-01 5.042996406555175781e-01 2.978647705078125000e+03 3.006913085937500000e+03 2.978662597656250000e+03 -1.434618514031171799e-02 2.936167480468750000e+03 2.599914306640625000e+03 2.509529113769531250e+00
3.710489869117736816e-01 3.190379394531250000e+03 1.608660400390625000e+03 2.805860340595245361e-01 2.789937257766723633e-01 5.910969376564025879e-01 2.915882080078125000e+03 2.943550537109375000e+03 2.915896240234375000e+03 -1.404387131333351135e-02 2.873783935546875000e+03 2.548752929687500000e+03 2.390568017959594727e+00
3.764342963695526123e-01 3.123397949218750000e+03 1.586895629882812500e+03 2.672090828418731689e-01 2.656905949115753174e-01 4.655238091945648193e-01 2.856518798828125000e+03 2.883625244140625000e+03 2.856532226562500000e+03 -1.375795342028141022e-02 2.814610107421875000e+03 2.501673828125000000e+03 2.268683910369873047e+00
3.818195760250091553e-01 3.058966552734375000e+03 1.566876708984375000e+03 2.546812891960144043e-01 2.532320320606231689e-01 5.415439605712890625e-01 2.799559570312500000e+03 2.826124511718750000e+03 2.799572265625000000e+03 -1.348360534757375717e-02 2.757838378906250000e+03 2.456434814453125000e+03 2.154259920120239258e+00
3.872048556804656982e-01 2.996555908203125000e+03 1.545153930664062500e+03 2.428334206342697144e-01 2.414502054452896118e-01 4.087677001953125000e-01 2.744023925781250000e+03 2.770063232421875000e+03 2.744036376953125000e+03 -1.321612484753131866e-02 2.702640380859375000e+03 2.411089843750000000e+03 2.054855108261108398e+00
3.925901651382446289e-01 2.935777099609375000e+03 1.519541625976562500e+03 2.315526604652404785e-01 2.302331477403640747e-01 5.050784349441528320e-01 2.689253662109375000e+03 2.714772216796875000e+03 2.689265380859375000e+03 -1.295232120901346207e-02 2.648441406250000000e+03 2.364483154296875000e+03 1.973890304565429688e+00
3.979754447937011719e-01 2.876458251953125000e+03 1.489448608398437500e+03 2.207828760147094727e-01 2.195249199867248535e-01 3.757588863372802734e-01 2.635009277343750000e+03 2.660014160156250000e+03 2.635020263671875000e+03 -1.269106101244688034e-02 2.595023925781250000e+03 2.316403320312500000e+03 1.910577178001403809e+00
4.033607542514801025e-01 2.818585205078125000e+03 1.455699707031250000e+03 2.105144411325454712e-01 2.093157619237899780e-01 4.504455626010894775e-01 2.581410156250000000e+03 2.605905761718750000e+03 2.581420654296875000e+03 -1.243290118873119354e-02 2.542455810546875000e+03 2.267414550781250000e+03 1.860852479934692383e+00
4.087460339069366455e-01 2.762207275390625000e+03 1.420043823242187500e+03 2.007590234279632568e-01 1.996169090270996094e-01 3.460193574428558350e-01 2.528764404296875000e+03 2.552761474609375000e+03 2.528774658203125000e+03 -1.217934116721153259e-02 2.490957031250000000e+03 2.218525146484375000e+03 1.818912386894226074e+00
4.141313433647155762e-01 2.707393310546875000e+03 1.384569458007812500e+03 1.915372014045715332e-01 1.904485076665878296e-01 4.244104325771331787e-01 2.477456298828125000e+03 2.500965576171875000e+03 2.477465820312500000e+03 -1.193221565335988998e-02 2.440791992187500000e+03 2.170845214843750000e+03 1.778882741928100586e+00
4.195166230201721191e-01 2.654239990234375000e+03 1.351185180664062500e+03 1.828636378049850464e-01 1.818249672651290894e-01 2.977220118045806885e-01 2.427857421875000000e+03 2.450896972656250000e+03 2.427866455078125000e+03 -1.169333048164844513e-02 2.392223144531250000e+03 2.125329345703125000e+03 1.736189007759094238e+00
4.249019026756286621e-01 2.602864013671875000e+03 1.321226562500000000e+03 1.747395843267440796e-01 1.737474054098129272e-01 3.987077772617340088e-01 2.380276367187500000e+03 2.402863281250000000e+03 2.380285156250000000e+03 -1.146415714174509048e-02 2.345487792968750000e+03 2.082616210937500000e+03 1.688349843025207520e+00
4.302872121334075928e-01 2.553332519531250000e+03 1.295204711914062500e+03 1.671411693096160889e-01 1.661921292543411255e-01 2.798272669315338135e-01 2.334843505859375000e+03 2.357000488281250000e+03 2.334851806640625000e+03 -1.124533731490373611e-02 2.300717529296875000e+03 2.042906982421875000e+03 1.635121226310729980e+00
4.356724917888641357e-01 2.505581298828125000e+03 1.272757812500000000e+03 1.600250899791717529e-01 1.591161191463470459e-01 3.525320291519165039e-01 2.291453369140625000e+03 2.313197998046875000e+03 2.291461425781250000e+03 -1.103634946048259735e-02 2.257836914062500000e+03 2.005902221679687500e+03 1.578103303909301758e+00
4.410578012466430664e-01 2.459436279296875000e+03 1.252873535156250000e+03 1.533352881669998169e-01 1.524638533592224121e-01 2.619605362415313721e-01 2.249801025390625000e+03 2.271150878906250000e+03 2.249808837890625000e+03 -1.083573792129755020e-02 2.216589599609375000e+03 1.970932006835937500e+03 1.519995450973510742e+00
4.464430809020996094e-01 2.414722167968750000e+03 1.234293334960937500e+03 1.470170468091964722e-01 1.461810469627380371e-01 3.363307416439056396e-01 2.209547851562500000e+03 2.230515136718750000e+03 2.209555175781250000e+03 -1.064185984432697296e-02 2.176693115234375000e+03 1.937241577148437500e+03 1.463723778724670410e+00
4.518283903598785400e-01 2.371319824218750000e+03 1.215873779296875000e+03 1.410209238529205322e-01 1.402186453342437744e-01 2.251587361097335815e-01 2.170414550781250000e+03 2.191011474609375000e+03 2.170421630859375000e+03 -1.045338064432144165e-02 2.137942871093750000e+03 1.904219848632812500e+03 1.411678910255432129e+00
4.572136700153350830e-01 2.329118408203125000e+03 1.196777099609375000e+03 1.353091746568679810e-01 1.345391571521759033e-01 3.135359585285186768e-01 2.132182373046875000e+03 2.152415527343750000e+03 2.132188964843750000e+03 -1.026923581957817078e-02 2.100169189453125000e+03 1.871441162109375000e+03 1.365236163139343262e+00
4.625989496707916260e-01 2.287977294921875000e+03 1.176559082031250000e+03 1.298543214797973633e-01 1.291153132915496826e-01 2.212487459182739258e-01 2.094661376953125000e+03 2.114539306640625000e+03 2.094667968750000000e+03 -1.008852478116750717e-02 2.063190429687500000e+03 1.838654785156250000e+03 1.324609637260437012e+00
4.679842591285705566e-01 2.247785888671875000e+03 1.155233886718750000e+03 1.246420517563819885e-01 1.239328458905220032e-01 2.761619389057159424e-01 2.057764648437500000e+03 2.077291992187500000e+03 2.057770996093750000e+03 -9.910812601447105408e-03 2.026890991210937500e+03 1.805848510742187500e+03 1.288998007774353027e+00
4.733695387840270996e-01 2.208535156250000000e+03 1.133249511718750000e+03 1.196664869785308838e-01 1.189858242869377136e-01 2.010632455348968506e-01 2.021551635742187500e+03 2.040735961914062500e+03 2.021557617187500000e+03 -9.736400097608566284e-03 1.991308837890625000e+03 1.773283569335937500e+03 1.256939172744750977e+00
4.787548482418060303e-01 2.170288330078125000e+03 1.111298828125000000e+03 1.149279922246932983e-01 1.142745316028594971e-01 2.744042575359344482e-01 1.986183959960937500e+03 2.005031982421875000e+03 1.986189819335937500e+03 -9.566053748130798340e-03 1.956581787109375000e+03 1.741370483398437500e+03 1.226760983467102051e+00
4.841401278972625732e-01 2.133086914062500000e+03 1.090053222656250000e+03 1.104256436228752136e-01 1.097979843616485596e-01 1.715568751096725464e-01 1.951797973632812500e+03 1.970320678710937500e+03 1.951803466796875000e+03 -9.400441311299800873e-03 1.922817871093750000e+03 1.710465698242187500e+03 1.196997761726379395e+00
4.895254373550415039e-01 2.096918945312500000e+03 1.069988281250000000e+03 1.061555892229080200e-01 1.055523231625556946e-01 2.496685683727264404e-01 1.918459838867187500e+03 1.936665405273437500e+03 1.918465209960937500e+03 -9.239869192242622375e-03 1.890046020507812500e+03 1.680770507812500000e+03 1.166677474975585938e+00
4.949107170104980469e-01 2.061755615234375000e+03 1.051334472656250000e+03 1.021080762147903442e-01 1.015278473496437073e-01 1.775633990764617920e-01 1.886178588867187500e+03 1.904078369140625000e+03 1.886183715820312500e+03 -9.084393270313739777e-03 1.858261840820312500e+03 1.652349731445312500e+03 1.135435581207275391e+00
5.002959966659545898e-01 2.027586547851562500e+03 1.034094848632812500e+03 9.827101975679397583e-02 9.771255403757095337e-02 2.191518396139144897e-01 1.854948364257812500e+03 1.872551147460937500e+03 1.854953125000000000e+03 -8.933974429965019226e-03 1.827463012695312500e+03 1.625170166015625000e+03 1.103471755981445312e+00
5.056812763214111328e-01 1.994399658203125000e+03 1.018067077636718750e+03 9.462914615869522095e-02 9.409128129482269287e-02 1.594775021076202393e-01 1.824725219726562500e+03 1.842041992187500000e+03 1.824729980468750000e+03 -8.788411505520343781e-03 1.797627075195312500e+03 1.599102050781250000e+03 1.071385502815246582e+00
5.110666155815124512e-01 1.962144531250000000e+03 1.002891357421875000e+03 9.116584062576293945e-02 9.064754098653793335e-02 2.206496000289916992e-01 1.795414184570312500e+03 1.812452270507812500e+03 1.795418823242187500e+03 -8.647236973047256470e-03 1.768677490234375000e+03 1.573925903320312500e+03 1.039946794509887695e+00
5.164518952369689941e-01 1.930734130859375000e+03 9.881468505859375000e+02 8.786316961050033569e-02 8.736353367567062378e-02 1.385804563760757446e-01 1.766874633789062500e+03 1.783642456054687500e+03 1.766879028320312500e+03 -8.509781211614608765e-03 1.740495117187500000e+03 1.549382812500000000e+03 1.009872317314147949e+00
5.218371748924255371e-01 1.900085449218750000e+03 9.734793701171875000e+02 8.470651507377624512e-02 8.422476053237915039e-02 1.978302747011184692e-01 1.738985229492187500e+03 1.755487670898437500e+03 1.738989379882812500e+03 -8.375453762710094452e-03 1.712969970703125000e+03 1.525259643554687500e+03 9.816597104072570801e-01
5.272224545478820801e-01 1.870154785156250000e+03 9.586895141601562500e+02 8.168469369411468506e-02 8.122009783983230591e-02 1.463346779346466064e-01 1.711675903320312500e+03 1.727919677734375000e+03 1.711680053710937500e+03 -8.243924938142299652e-03 1.686041992187500000e+03 1.501447387695312500e+03 9.555048346519470215e-01
5.326077938079833984e-01 1.840927490234375000e+03 9.437437133789062500e+02 7.879078388214111328e-02 7.834265381097793579e-02 1.764026880264282227e-01 1.684931274414062500e+03 1.700921142578125000e+03 1.684935302734375000e+03 -8.115111850202083588e-03 1.659696289062500000e+03 1.477939575195312500e+03 9.313022494316101074e-01
5.379930734634399414e-01 1.812386474609375000e+03 9.287255859375000000e+02 7.601911574602127075e-02 7.558679580688476562e-02 1.265004575252532959e-01 1.658748535156250000e+03 1.674490356445312500e+03 1.658752441406250000e+03 -7.989008910953998566e-03 1.633927001953125000e+03 1.454785156250000000e+03 9.087159037590026855e-01
5.433783531188964844e-01 1.784501831054687500e+03 9.137853393554687500e+02 7.336546480655670166e-02 7.294829934835433960e-02 1.820226311683654785e-01 1.633127685546875000e+03 1.648625610351562500e+03 1.633131347656250000e+03 -7.865607738494873047e-03 1.608721557617187500e+03 1.432052246093750000e+03 8.872916102409362793e-01
5.487636327743530273e-01 1.757255004882812500e+03 8.991101684570312500e+02 7.082605361938476562e-02 7.042337954044342041e-02 1.134644821286201477e-01 1.608079711914062500e+03 1.623340698242187500e+03 1.608083374023437500e+03 -7.744970265775918961e-03 1.584080810546875000e+03 1.409825805664062500e+03 8.665776848793029785e-01
5.541489124298095703e-01 1.730654907226562500e+03 8.848900756835937500e+02 6.839842349290847778e-02 6.800960749387741089e-02 1.557525694370269775e-01 1.583643798828125000e+03 1.598672485351562500e+03 1.583647338867187500e+03 -7.627276703715324402e-03 1.560032958984375000e+03 1.388201538085937500e+03 8.462209701538085938e-01
5.595342516899108887e-01 1.704715332031250000e+03 8.712614746093750000e+02 6.607903540134429932e-02 6.570342183113098145e-02 1.253296434879302979e-01 1.559850952148437500e+03 1.574654052734375000e+03 1.559854248046875000e+03 -7.512683514505624771e-03 1.536607177734375000e+03 1.367247314453125000e+03 8.260214924812316895e-01
5.649195313453674316e-01 1.679423828125000000e+03 8.582593994140625000e+02 6.386309117078781128e-02 6.350006163120269775e-02 1.413636207580566406e-01 1.536697021484375000e+03 1.551280395507812500e+03 1.536700317382812500e+03 -7.401166018098592758e-03 1.513797363281250000e+03 1.346964233398437500e+03 8.059408068656921387e-01
5.703048110008239746e-01 1.654741577148437500e+03 8.458224487304687500e+02 6.174416095018386841e-02 6.139316409826278687e-02 1.040332242846488953e-01 1.514139526367187500e+03 1.528509033203125000e+03 1.514142700195312500e+03 -7.292522117495536804e-03 1.491562255859375000e+03 1.327290405273437500e+03 7.860738635063171387e-01
5.756900906562805176e-01 1.630633666992187500e+03 8.338421020507812500e+02 5.971599370241165161e-02 5.937650427222251892e-02 1.476221233606338501e-01 1.492133300781250000e+03 1.506293701171875000e+03 1.492136352539062500e+03 -7.186532486230134964e-03 1.469859741210937500e+03 1.308145751953125000e+03 7.665960788726806641e-01
5.810754299163818359e-01 1.607085449218750000e+03 8.222071533203125000e+02 5.777263641357421875e-02 5.744417011737823486e-02 9.761766344308853149e-02 1.470647705078125000e+03 1.484604492187500000e+03 1.470650634765625000e+03 -7.083050440996885300e-03 1.448668457031250000e+03 1.289464599609375000e+03 7.477022409439086914e-01
5.864607095718383789e-01 1.584086303710937500e+03 8.108151245117187500e+02 5.590902268886566162e-02 5.559112876653671265e-02 1.234325245022773743e-01 1.449659301757812500e+03 1.463416625976562500e+03 1.449661987304687500e+03 -6.981962826102972031e-03 1.427971679687500000e+03 1.271192993164062500e+03 7.295513153076171875e-01
5.918459892272949219e-01 1.561607421875000000e+03 7.995734863281250000e+02 5.411987006664276123e-02 5.381213873624801636e-02 1.060240119695663452e-01 1.429128662109375000e+03 1.442691284179687500e+03 1.429131347656250000e+03 -6.883081048727035522e-03 1.407735473632812500e+03 1.253273437500000000e+03 7.122309207916259766e-01
5.972312688827514648e-01 1.539609497070312500e+03 7.884183349609375000e+02 5.240067839622497559e-02 5.210271850228309631e-02 1.163495779037475586e-01 1.409013671875000000e+03 1.422385375976562500e+03 1.409016357421875000e+03 -6.786200217902660370e-03 1.387916381835937500e+03 1.235656494140625000e+03 6.957461237907409668e-01
6.026165485382080078e-01 1.518068481445312500e+03 7.773403930664062500e+02 5.074791982769966125e-02 5.045935884118080139e-02 8.658686280250549316e-02 1.389292480468750000e+03 1.402477172851562500e+03 1.389295043945312500e+03 -6.691217422485351562e-03 1.368490722656250000e+03 1.218328247070312500e+03 6.800295114517211914e-01
6.080018877983093262e-01 1.496985595703125000e+03 7.663859863281250000e+02 4.915934801101684570e-02 4.887983947992324829e-02 1.197406798601150513e-01 1.369973632812500000e+03 1.382974853515625000e+03 1.369976196289062500e+03 -6.598171312361955643e-03 1.349465454101562500e+03 1.201317260742187500e+03 6.649658083915710449e-01
6.133871674537658691e-01 1.476365478515625000e+03 7.556223144531250000e+02 4.763279855251312256e-02 4.736198112368583679e-02 8.638027310371398926e-02 1.351070800781250000e+03 1.363892822265625000e+03 1.351073242187500000e+03 -6.507129408419132233e-03 1.330854370117187500e+03 1.184662719726562500e+03 6.504221558570861816e-01
6.187724471092224121e-01 1.456195312500000000e+03 7.450997924804687500e+02 4.616604372859001160e-02 4.590357467532157898e-02 9.612417966127395630e-02 1.332581787109375000e+03 1.345228149414062500e+03 1.332584106445312500e+03 -6.418079603463411331e-03 1.312651000976562500e+03 1.168383056640625000e+03 6.362775564193725586e-01
6.241577267646789551e-01 1.436451904296875000e+03 7.348465576171875000e+02 4.475645348429679871e-02 4.450200870633125305e-02 9.352238476276397705e-02 1.314490844726562500e+03 1.326965698242187500e+03 1.314493164062500000e+03 -6.330948788672685623e-03 1.294836181640625000e+03 1.152476562500000000e+03 6.224441528320312500e-01
6.295430064201354980e-01 1.417122680664062500e+03 7.248808593750000000e+02 4.340166971087455750e-02 4.315492883324623108e-02 9.449981898069381714e-02 1.296791015625000000e+03 1.309097656250000000e+03 1.296793090820312500e+03 -6.245699711143970490e-03 1.277400390625000000e+03 1.136942016601562500e+03 6.088776588439941406e-01
6.557739973068237305e-01 1.328712158203125000e+03 6.800717773437500000e+02 3.750797361135482788e-02 3.729471936821937561e-02 8.138164132833480835e-02 1.215951538085937500e+03 1.227491210937500000e+03 1.215953491210937500e+03 -5.856352392584085464e-03 1.197735839843750000e+03 1.066244628906250000e+03 5.472055673599243164e-01
8.137981295585632324e-01 9.416277465820312500e+02 4.819983825683593750e+02 1.726212352514266968e-02 1.716398261487483978e-02 2.952384576201438904e-02 8.617239379882812500e+02 8.699022216796875000e+02 8.617248535156250000e+02 -4.150286316871643066e-03 8.487790527343750000e+02 7.556638793945312500e+02 3.122563958168029785e-01
1.013345956802368164e+00 6.599094238281250000e+02 3.378451538085937500e+02 7.803012151271104813e-03 7.758651394397020340e-03 1.948269270360469818e-02 6.039194946289062500e+02 6.096510620117187500e+02 6.039198608398437500e+02 -2.908628899604082108e-03 5.948243408203125000e+02 5.296213989257812500e+02 1.755971163511276245e-01
1.261824011802673340e+00 4.600748596191406250e+02 2.355644378662109375e+02 3.508820896968245506e-03 3.488873364403843880e-03 7.609304506331682205e-03 4.210437622070312500e+02 4.250397949218750000e+02 4.210439758300781250e+02 -2.027851296588778496e-03 4.146893005371093750e+02 3.692612915039062500e+02 9.824994951486587524e-02
1.571230411529541016e+00 3.192549743652343750e+02 1.634785919189453125e+02 1.570430467836558819e-03 1.561502926051616669e-03 4.350573290139436722e-03 2.921729736328125000e+02 2.949459228515625000e+02 2.921730651855468750e+02 -1.407176721841096878e-03 2.877556762695312500e+02 2.562495727539062500e+02 5.472207069396972656e-02
1.956504821777343750e+00 2.205990295410156250e+02 1.129699783325195312e+02 6.998877506703138351e-04 6.959090824238955975e-04 1.668479526415467262e-03 2.018873443603515625e+02 2.038034362792968750e+02 2.018873748779296875e+02 -9.723385446704924107e-04 1.988304748535156250e+02 1.770701599121093750e+02 3.035232238471508026e-02
2.436250925064086914e+00 1.518438262939453125e+02 7.776526641845703125e+01 3.107146767433732748e-04 3.089484234806150198e-04 6.714581395499408245e-04 1.389648895263671875e+02 1.402837982177734375e+02 1.389649200439453125e+02 -6.692885654047131538e-04 1.368580322265625000e+02 1.218853912353515625e+02 1.677197404205799103e-02
3.033633232116699219e+00 1.041528320312500000e+02 5.334381866455078125e+01 1.374587736790999770e-04 1.366774085909128189e-04 4.557985230349004269e-04 9.531938171386718750e+01 9.622402954101562500e+01 9.531938934326171875e+01 -4.590810858644545078e-04 9.387261199951171875e+01 8.360562896728515625e+01 9.236076846718788147e-03
3.777497053146362305e+00 7.121305847167968750e+01 3.647478103637695312e+01 6.061711246729828417e-05 6.027254858054220676e-05 2.049341128440573812e-04 6.517356109619140625e+01 6.579211425781250000e+01 6.517356872558593750e+01 -3.138915635645389557e-04 6.418339538574218750e+01 5.716507720947265625e+01 5.070334766060113907e-03
4.703760623931884766e+00 4.854935455322265625e+01 2.486757278442382812e+01 2.665329702722374350e-05 2.650179521879181266e-05 2.513368781364988536e-05 4.443209075927734375e+01 4.485378646850585938e+01 4.443209457397460938e+01 -2.139956341125071049e-04 4.375647354125976562e+01 3.897246932983398438e+01 2.775580622255802155e-03
5.857148647308349609e+00 3.301013183593750000e+01 1.690864181518554688e+01 1.168811559182358906e-05 1.162168064183788374e-05 1.860427460087521467e-06 3.021075439453125000e+01 3.049748039245605469e+01 3.021075439453125000e+01 -1.455022429581731558e-04 2.975104522705078125e+01 2.649844932556152344e+01 1.515484764240682125e-03
7.293354511260986328e+00 2.238969612121582031e+01 1.146876430511474609e+01 5.112968210596591234e-06 5.083908490632893518e-06 8.445329513051547110e-06 2.049099731445312500e+01 2.068547248840332031e+01 2.049099731445312500e+01 -9.868955385172739625e-05 2.017899513244628906e+01 1.797272109985351562e+01 8.255436550825834274e-04
9.081726074218750000e+00 1.515200901031494141e+01 7.761376380920410156e+00 2.231621238024672493e-06 2.218938334408449009e-06 4.669042482419172302e-06 1.386708259582519531e+01 1.399869251251220703e+01 1.386708259582519531e+01 -6.678719364572316408e-05 1.365583324432373047e+01 1.216240024566650391e+01 4.487711412366479635e-04
1.130861568450927734e+01 1.023267745971679688e+01 5.241415977478027344e+00 9.719909712657681666e-07 9.664671551945502870e-07 2.939574869742500596e-06 9.364905357360839844e+00 9.453786849975585938e+00 9.364905357360839844e+00 -4.510363214649260044e-05 9.222187042236328125e+00 8.213121414184570312e+00 2.435103961033746600e-04
1.408155155181884766e+01 6.897217750549316406e+00 3.532729864120483398e+00 4.225380791922361823e-07 4.201370984446839429e-07 6.642837888648500666e-07 6.312277317047119141e+00 6.372186183929443359e+00 6.312277317047119141e+00 -3.040143928956240416e-05 6.216057777404785156e+00 5.535312652587890625e+00 1.319293514825403690e-04
1.753442764282226562e+01 4.640729427337646484e+00 2.376732349395751953e+00 1.833547713658845169e-07 1.823131015044054948e-07 2.297254866334696999e-07 4.247122287750244141e+00 4.287430763244628906e+00 4.247122287750244141e+00 -2.045515793724916875e-05 4.182380676269531250e+00 3.723680496215820312e+00 7.139128138078376651e-05
2.183396720886230469e+01 3.117317676544189453e+00 1.596254110336303711e+00 7.943169322288667900e-08 7.898054832367051858e-08 3.936786754366039531e-07 2.852878093719482422e+00 2.879954099655151367e+00 2.852878093719482422e+00 -1.374014482280472293e-05 2.809401750564575195e+00 2.500555992126464844e+00 3.860262586385942996e-05
2.718777847290039062e+01 2.090781211853027344e+00 1.070311307907104492e+00 3.435717133015714353e-08 3.416211669104995963e-08 2.507669876194995595e-07 1.913376450538635254e+00 1.931535959243774414e+00 1.913376450538635254e+00 -9.215278623742051423e-06 1.884238004684448242e+00 1.676326513290405273e+00 2.086951280944049358e-05
3.385437393188476562e+01 1.400278329849243164e+00 7.165144085884094238e-01 1.483894163101240338e-08 1.475475297496586791e-08 9.362924657807525364e-08 1.281414508819580078e+00 1.293576240539550781e+00 1.281414508819580078e+00 -6.171599579829489812e-06 1.261926293373107910e+00 1.121871352195739746e+00 1.128993426391389221e-05
4.215565490722656250e+01 9.365676641464233398e-01 4.789038002490997314e-01 6.400039165299631350e-09 6.363764182282238835e-09 4.377562845547799952e-08 8.570149540901184082e-01 8.651487827301025391e-01 8.570149540901184082e-01 -4.127589363633887842e-06 8.440112471580505371e-01 7.494920492172241211e-01 6.118881628935923800e-06
5.249245834350585938e+01 6.256336569786071777e-01 3.195633888244628906e-01 2.756640915535513159e-09 2.741041393861110009e-09 2.602283011299277860e-08 5.724381804466247559e-01 5.778711438179016113e-01 5.724381804466247559e-01 -2.756999265329795890e-06 5.637854933738708496e-01 4.997685551643371582e-01 3.328171260363887995e-06
6.536390686035156250e+01 4.174368679523468018e-01 2.128584235906600952e-01 1.185792353197712146e-09 1.179098152448432302e-09 -2.075004879031894234e-08 3.818877637386322021e-01 3.855122029781341553e-01 3.818877637386322021e-01 -1.839262949943076819e-06 3.761506378650665283e-01 3.325285911560058594e-01 1.821274395297223236e-06
8.139149475097656250e+01 2.782154381275177002e-01 1.414928138256072998e-01 5.094082378143127698e-10 5.065431962769650909e-10 5.348229414892102795e-09 2.544646561145782471e-01 2.568797469139099121e-01 2.544646561145782471e-01 -1.225562755280407146e-06 2.506789267063140869e-01 2.206679731607437134e-01 1.006255615720874630e-06
1.013491516113281250e+02 1.852328479290008545e-01 9.381856024265289307e-02 2.185392838915944935e-10 2.173173169195408150e-10 -2.271246801743842525e-10 1.693601906299591064e-01 1.709675639867782593e-01 1.693601906299591064e-01 -8.156792432600923348e-07 1.668792068958282471e-01 1.459339708089828491e-01 5.639916480504325591e-07
1.262005310058593750e+02 1.232038810849189758e-01 6.200505420565605164e-02 9.361540709296178875e-11 9.309667620138739608e-11 3.171239659760516361e-10 1.125852167606353760e-01 1.136537492275238037e-01 1.125852167606353760e-01 -5.422373874353070278e-07 1.109758466482162476e-01 9.605671465396881104e-02 3.226190301575115882e-07
1.571455993652343750e+02 8.186905086040496826e-02 4.079675674438476562e-02 4.003354245329937555e-11 3.981480770076650799e-11 -9.396333711109150499e-11 7.475024461746215820e-02 7.545968145132064819e-02 7.475024461746215820e-02 -3.600150648708222434e-07 7.372266799211502075e-02 6.280218064785003662e-02 1.896476931051438442e-07
1.956785888671875000e+02 5.435245111584663391e-02 2.667202427983283997e-02 1.708447272541491202e-11 1.699315167746906496e-11 4.793375696365842487e-10 4.956250265240669250e-02 5.003289133310317993e-02 4.956250265240669250e-02 -2.387048994023643900e-07 4.892291873693466187e-02 4.065439477562904358e-02 1.153167943357402692e-07
2.436600799560546875e+02 3.605221956968307495e-02 1.727497950196266174e-02 7.271662005176038335e-12 7.234103940878533479e-12 2.842062418739743634e-10 3.281061351299285889e-02 3.312201425433158875e-02 3.281061351299285889e-02 -1.580237665166350780e-07 3.242936730384826660e-02 2.592551708221435547e-02 7.284403125140670454e-08
3.034068908691406250e+02 2.389248088002204895e-02 1.103256363421678543e-02 3.084287599625090692e-12 3.069192469618009511e-12 5.741534678249671231e-11 2.167991735041141510e-02 2.188567817211151123e-02 2.167991735041141510e-02 -1.044156689999908849e-07 2.147006615996360779e-02 1.615623943507671356e-02 4.779577622571196116e-08
3.778039550781250000e+02 1.581979915499687195e-02 6.896981969475746155e-03 1.302132880687256744e-12 1.296280140519745494e-12 -2.328397023798611798e-11 1.429174374788999557e-02 1.442738529294729233e-02 1.429174374788999557e-02 -6.883246328470704611e-08 1.419459842145442963e-02 9.712697938084602356e-03 3.237452972371102078e-08
4.704436035156250000e+02 1.046491228044033051e-02 4.172773100435733795e-03 5.463760411987539367e-13 5.442325192936414702e-13 -2.459211827232632430e-11 9.393862448632717133e-03 9.483017027378082275e-03 9.393862448632717133e-03 -4.524309105136126163e-08 9.369216859340667725e-03 5.515586119145154953e-03 2.235476870282582240e-08
5.857990112304687500e+02 6.915757432579994202e-03 2.400642493739724159e-03 2.275134291032654410e-13 2.267973813309745457e-13 -2.855460659589859063e-12 6.152774207293987274e-03 6.211169529706239700e-03 6.152774207293987274e-03 -2.963323630922332086e-08 6.172312423586845398e-03 2.856873208656907082e-03 1.544543515308305359e-08
7.294401855468750000e+02 4.565458744764328003e-03 1.278714509680867195e-03 9.395137662640551390e-14 9.374576446065721602e-14 5.800649890974618472e-12 4.014458041638135910e-03 4.052558913826942444e-03 4.014458041638135910e-03 -1.933459081726596196e-08 4.057393874973058701e-03 1.271972549147903919e-03 1.042098674020053295e-08
9.083030395507812500e+02 3.010601969435811043e-03 6.074176053516566753e-04 3.855058701191134418e-14 3.850435595365020447e-14 1.148918850682467685e-12 2.610804047435522079e-03 2.635582815855741501e-03 2.610804047435522079e-03 -1.257425719103366646e-08 2.661323873326182365e-03 4.434539878275245428e-04 6.663662510675294470e-09
1.131024047851562500e+03 1.983247231692075729e-03 2.482474374119192362e-04 1.582711216317582437e-14 1.581892982490534783e-14 1.769922966868286984e-12 1.696398365311324596e-03 1.712498720735311508e-03 1.696398365311324596e-03 -8.170260912265803199e-09 1.742816297337412834e-03 1.216821183334104717e-04 3.911603041473199482e-09
1.408357421875000000e+03 1.305487472563982010e-03 9.194585436489433050e-05 6.573635085842808104e-15 6.570650988769631204e-15 -9.721666153301652957e-14 1.105619827285408974e-03 1.116113155148923397e-03 1.105619827285408974e-03 -5.324930274497319260e-09 1.141106011345982552e-03 6.882748130010440946e-05 2.077793492816226717e-09
1.753694580078125000e+03 8.591082878410816193e-04 4.135222116019576788e-05 2.775037906849750838e-15 2.773132082718428662e-15 3.515386495355626861e-13 7.246194290928542614e-04 7.314966642297804356e-04 7.246194290928542614e-04 -3.489940558765169953e-09 7.483121589757502079e-04 6.815623055445030332e-05 1.058430121325670825e-09
2.183710205078125000e+03 5.654371925629675388e-04 2.200939525209832937e-05 1.175438314695751666e-15 1.174974775915366750e-15 -1.304732689076659735e-13 4.761159943882375956e-04 4.806347715202718973e-04 4.761159943882375956e-04 -2.293088607885351848e-09 4.917106707580387592e-04 2.570256583567243069e-05 5.823795889980942775e-10
2.719168212890625000e+03 3.722005349118262529e-04 8.246829565905500203e-06 4.948460180879412588e-16 4.948081133635516288e-16 1.374113632124709938e-13 3.124399227090179920e-04 3.154052246827632189e-04 3.124399227090179920e-04 -1.504785407391295848e-09 3.232868039049208164e-04 3.260597850385238416e-06 3.211863830454575464e-10
3.385923583984375000e+03 2.449745370540767908e-04 3.723384452314348891e-06 2.096407470896679399e-16 2.095913809507107752e-16 3.139329074475227799e-14 2.053778298432007432e-04 2.073270443361252546e-04 2.053778298432007432e-04 -9.891488739199871816e-10 2.125763276126235723e-04 6.580597528227372095e-06 1.660308279749500571e-10
4.216170898437500000e+03 1.612104970263317227e-04 1.512972744421858806e-06 8.873222017393491432e-17 8.872807765342724876e-17 9.755527820027448671e-14 1.350082020508125424e-04 1.362895418424159288e-04 1.350082020508125424e-04 -6.502318683487828821e-10 1.398179301759228110e-04 8.562459470340400003e-07 8.994655020799768863e-11
5.250000000000000000e+03 1.060623835655860603e-04 6.956987022022076417e-07 3.761570748360391230e-17 3.761407297471350752e-17 1.556401187129737712e-14 8.877724030753597617e-05 8.961981075117364526e-05 8.877724030753597617e-05 -4.275724774238653936e-10 9.195359598379582167e-05 5.246275236459041480e-07 4.752610804903412145e-11
